1 0.565625 0.865625 0.125000 0.206250
1 0.606250 0.720313 0.115625 0.187500
1 0.635938 0.624219 0.103125 0.139063
0 0.653125 0.522656 0.100000 0.148438
1 0.675000 0.451562 0.084375 0.118750
1 0.691406 0.375000 0.082812 0.109375
1 0.706250 0.319531 0.081250 0.098437
1 0.723437 0.271875 0.081250 0.084375
1 0.734375 0.226563 0.065625 0.071875
1 0.436719 0.865625 0.139063 0.168750
1 0.576562 0.437500 0.093750 0.093750
1 0.601562 0.375000 0.090625 0.078125
1 0.620313 0.314063 0.090625 0.078125
1 0.635938 0.265625 0.084375 0.062500
1 0.657813 0.222656 0.068750 0.051562
0 0.312500 0.400000 0.059375 0.106250
1 0.349219 0.342188 0.060938 0.093750
1 0.387500 0.295313 0.059375 0.093750
0 0.416406 0.246875 0.057813 0.075000
1 0.443750 0.206250 0.059375 0.078125
1 0.468750 0.173438 0.056250 0.071875
1 0.179688 0.444531 0.065625 0.123438
1 0.228906 0.385156 0.064063 0.101562
1 0.276563 0.329688 0.059375 0.096875
1 0.312500 0.276562 0.053125 0.081250
0 0.347656 0.237500 0.054688 0.084375
1 0.379688 0.203125 0.056250 0.078125
1 0.407813 0.170313 0.050000 0.068750
