0 0.509375 0.887500 0.115625 0.190625
1 0.551563 0.787500 0.118750 0.171875
0 0.571875 0.671875 0.103125 0.156250
0 0.595313 0.572656 0.096875 0.126562
0 0.604688 0.487500 0.093750 0.106250
0 0.628125 0.415625 0.087500 0.093750
0 0.639062 0.356250 0.078125 0.081250
0 0.654687 0.310938 0.075000 0.071875
0 0.668750 0.275000 0.071875 0.065625
1 0.367969 0.903125 0.145313 0.168750
1 0.503125 0.490625 0.096875 0.093750
0 0.537500 0.414062 0.084375 0.078125
0 0.542188 0.364063 0.087500 0.071875
0 0.573438 0.316406 0.078125 0.064062
0 0.576562 0.270313 0.075000 0.059375
1 0.240625 0.462500 0.071875 0.115625
0 0.282813 0.398438 0.062500 0.103125
0 0.315625 0.345313 0.065625 0.096875
0 0.353906 0.301563 0.060937 0.078125
0 0.376563 0.254688 0.059375 0.078125
0 0.401562 0.225781 0.050000 0.076563
0 0.103125 0.500000 0.071875 0.131250
0 0.155469 0.428125 0.076563 0.121875
0 0.203125 0.378906 0.068750 0.114062
0 0.246875 0.335938 0.065625 0.090625
0 0.281250 0.290625 0.056250 0.084375
0 0.314063 0.254688 0.056250 0.078125
0 0.342187 0.220313 0.056250 0.081250
