1 0.540625 0.820312 0.131250 0.178125
1 0.482813 0.678906 0.118750 0.139063
1 0.435937 0.571875 0.106250 0.125000
1 0.398438 0.478906 0.100000 0.114062
1 0.364063 0.394531 0.090625 0.089063
1 0.343750 0.320313 0.087500 0.090625
1 0.309375 0.255469 0.084375 0.076563
1 0.284375 0.196875 0.075000 0.078125
1 0.271875 0.149219 0.071875 0.064062
1 0.250781 0.103906 0.067187 0.064063
1 0.623438 0.728125 0.106250 0.128125
1 0.550781 0.612500 0.110937 0.121875
1 0.518750 0.504687 0.093750 0.109375
1 0.475781 0.415625 0.101562 0.096875
1 0.444531 0.342188 0.095312 0.084375
1 0.415625 0.271875 0.090625 0.081250
1 0.385937 0.217188 0.078125 0.068750
1 0.359375 0.160156 0.087500 0.076563
1 0.334375 0.118750 0.068750 0.056250
1 0.307812 0.076563 0.068750 0.056250
1 0.885156 0.528906 0.076563 0.110937
1 0.817187 0.432031 0.062500 0.110938
1 0.761719 0.367188 0.060937 0.115625
1 0.706250 0.303125 0.065625 0.096875
0 0.657813 0.237500 0.065625 0.093750
1 0.621875 0.190625 0.056250 0.093750
1 0.582812 0.139063 0.059375 0.081250
1 0.553125 0.104688 0.059375 0.084375
1 0.521094 0.060938 0.057813 0.093750
1 0.937500 0.454688 0.093750 0.096875
1 0.873437 0.365625 0.081250 0.090625
0 0.818750 0.296094 0.087500 0.076563
1 0.764062 0.229688 0.078125 0.071875
0 0.712500 0.178125 0.068750 0.062500
1 0.678125 0.128125 0.075000 0.065625
1 0.639062 0.087500 0.062500 0.056250
0 0.606250 0.045313 0.068750 0.056250
1 0.900000 0.165625 0.046875 0.096875
0 0.850000 0.117188 0.046875 0.078125
0 0.806250 0.085156 0.050000 0.076562
